3 2 2 1 2000000000 2000000000 2000000000 2000000000 2000000000 2000000000 2000000000 2000000000 2000000000 2000000000 2000000000 2000000000 2000000000 
2 2 1 2000000000 2000000000 2000000000 2000000000 2000000000 2000000000 2000000000 2000000000 2000000000 2000000000 2000000000 2000000000 2000000000 2000000000 
4 4 1 2000000000 2000000000 2000000000 2000000000 2000000000 2000000000 2000000000 2000000000 2000000000 2000000000 2000000000 2000000000 2000000000 2000000000 
5 1 1 2000000000 2000000000 2000000000 2000000000 2000000000 2000000000 2000000000 2000000000 2000000000 2000000000 2000000000 2000000000 2000000000 2000000000 
1 1 1 2000000000 2000000000 2000000000 2000000000 2000000000 2000000000 2000000000 2000000000 2000000000 2000000000 2000000000 2000000000 2000000000 2000000000 
1 1 2000000000 2000000000 2000000000 2000000000 2000000000 2000000000 2000000000 2000000000 2000000000 2000000000 2000000000 2000000000 2000000000 2000000000 2000000000 
5 3 2000000000 2000000000 2000000000 2000000000 2000000000 2000000000 2000000000 2000000000 2000000000 2000000000 2000000000 2000000000 2000000000 2000000000 2000000000 
3 2000000000 2000000000 2000000000 2000000000 2000000000 2000000000 2000000000 2000000000 2000000000 2000000000 2000000000 2000000000 2000000000 2000000000 2000000000 2000000000 
1
1
2000000000
5


8 4
3 2 4 5 1 1 5 3
2 4
5 6
1 8
3 3
